20 5798.4
19.9 4117.48
19.8 3828.05
19.7 3609.47
19.6 3135.29
19.5 2761.9
19.4 2694.2
19.3 2694.2
19.2 2674.84
19.1 2491.63
19 2491.63
18.9 2491.63
18.8 2491.63
18.7 2473.51
18.6 2136.38
18.5 2136.38
18.4 2136.38
18.3 2136.38
18.2 2136.38
18.1 2136.38
18 2136.38
17.9 2136.38
17.8 2136.38
17.7 2136.38
17.6 2136.38
17.5 2136.38
17.4 2076.66
17.3 2076.66
17.2 2076.66
17.1 2076.66
17 2076.66
16.9 2076.66
16.8 2076.66
16.7 2076.66
16.6 2076.66
16.5 2076.66
16.4 2076.66
16.3 2076.66
16.2 2076.66
16.1 2076.66
16 2076.66
15.9 2076.66
15.8 2076.66
15.7 2076.66
15.6 2076.66
15.5 2076.66
15.4 2076.66
15.3 2076.66
15.2 2076.66
15.1 2076.66
15 2076.66
14.9 2076.66
14.8 2076.66
14.7 2030.38
14.6 2030.38
14.5 2030.38
14.4 1893.94
14.3 1893.94
14.2 1893.94
14.1 1893.94
14 1893.94
13.9 1893.94
13.8 1893.94
13.7 1893.94
13.6 1893.94
13.5 1893.94
13.4 1814.93
13.3 1814.93
13.2 1814.93
13.1 1814.93
13 1814.93
12.9 1814.93
12.8 1814.93
12.7 1814.93
12.6 1814.93
12.5 1814.93
12.4 1775.43
12.3 1775.43
12.2 1775.43
12.1 1775.43
12 1775.43
11.9 1775.43
11.8 1775.43
11.7 1775.43
11.6 1775.43
11.5 1775.43
11.4 1775.43
11.3 1748.59
11.2 1748.59
11.1 1748.59
11 1748.59
10.9 1748.59
10.8 1748.59
10.7 1748.59
10.6 1748.59
10.5 1748.59
10.4 1704.9
10.3 1676.32
10.2 1676.32
10.1 1676.32
10 1600.7
9.9 1600.7
9.8 1600.7
9.7 1600.7
9.6 1600.7
9.5 1600.7
9.4 1600.7
9.3 1600.7
9.2 1600.7
9.1 1600.7
9 1600.7
8.9 1593.59
8.8 1593.59
8.7 1593.59
8.6 1593.59
8.5 1593.59
8.4 1537.73
8.3 1537.73
8.2 1526.69
8.1 1480.47
8 1480.47
7.9 1480.47
7.8 1480.47
7.7 1480.47
7.6 1480.47
7.5 1466.78
7.4 1466.78
7.3 1466.78
7.2 1461.08
7.1 1456.99
7 1456.99
6.9 1409.69
6.8 1409.69
6.7 1409.69
6.6 1409.69
6.5 1409.69
6.4 1409.69
6.3 1409.69
6.2 1409.69
6.1 1409.69
6 1409.69
5.9 1409.69
5.8 1409.69
5.7 1409.69
5.6 1409.69
5.5 1409.69
5.4 1409.69
5.3 1409.69
5.2 1409.69
5.1 1409.69
5 1390.5
4.9 1390.5
4.8 1390.5
4.7 1390.5
4.6 1390.5
4.5 1390.5
4.4 1390.5
4.3 1390.5
4.2 1390.5
4.1 1390.5
4 1390.5
3.9 1390.5
3.8 1389.79
3.7 1389.79
3.6 1372.15
3.5 1372.15
3.4 1359.45
3.3 1354.58
3.2 1354.58
3.1 1354.58
3 1354.58
2.9 1354.58
2.8 1345.91
2.7 1345.91
2.6 1345.91
2.5 1335.8
2.4 1335.8
2.3 1335.8
2.2 1335.8
2.1 1335.8
2 1335.8
1.9 1335.8
1.8 1335.8
1.7 1335.8
1.6 1331.61
1.5 1331.61
1.4 1331.61
1.3 1331.61
1.2 1331.61
1.1 1331.49
1 1331.49
0.9 1331.49
0.8 1331.49
0.7 1331.49
0.6 1331.49
0.5 1331.49
0.4 1331.49
0.3 1331.49
0.2 1331.49
0.1 1331.49
0 1331.49

