#temp, E/N mean, E/N var, E mean, E var, E/N mean, E/N var, E2 mean, E2 var, E2/N mean, E2/N var, M mean, M var, M/N mean, M/N var, M2 mean, M2 var, M2/N mean, M2/N var
2, -1.85825, 0.0818521, -118.928, 335.266, -1.85825, 0.0818521, 14658.9, 1.75208e+07, 229.045, 4277.54, 16.1391, 2387.45, 0.252173, 0.582873, 3176.67, 1.71605e+06, 49.6354, 418.958
2.02, -1.69216, 0.0367767, -108.298, 150.637, -1.69216, 0.0367767, 12072.4, 7.15303e+06, 188.631, 1746.34, -3.62293, 3712.1, -0.0566083, 0.906274, 4701.6, 1.31388e+07, 73.4625, 3207.72
2.04, -1.78839, 0.0618742, -114.457, 253.437, -1.78839, 0.0618742, 13562, 1.11856e+07, 211.907, 2730.85, 2.8522, 2465.61, 0.0445656, 0.601955, 3629.1, 1.92017e+06, 56.7047, 468.791
2.06, -1.78045, 0.0235049, -113.949, 96.2762, -1.78045, 0.0235049, 13306.2, 5.28693e+06, 207.91, 1290.75, 14.977, 2689.92, 0.234016, 0.656719, 4513.06, 2.98718e+06, 70.5165, 729.292
2.08, -1.67846, 0.0262945, -107.421, 107.702, -1.67846, 0.0262945, 11887.9, 5.04951e+06, 185.749, 1232.79, -5.66167, 2685.9, -0.0884635, 0.655736, 4173.89, 2.44787e+06, 65.217, 597.625
2.1, -1.64429, 0.0141532, -105.235, 57.9716, -1.64429, 0.0141532, 11380.5, 2.39138e+06, 177.82, 583.833, 17.7757, 952.813, 0.277745, 0.23262, 3149.12, 229164, 49.205, 55.9483
2.12, -1.7324, 0.00999086, -110.874, 40.9226, -1.7324, 0.00999086, 12597.7, 2.07693e+06, 196.84, 507.063, -1.05893, 1711.96, -0.0165458, 0.417958, 2880.22, 749414, 45.0035, 182.962
2.14, -1.66251, 0.0183507, -106.401, 75.1644, -1.66251, 0.0183507, 11691.9, 3.37087e+06, 182.686, 822.967, -18.2914, 1079.62, -0.285803, 0.263579, 3524.65, 1.67906e+06, 55.0726, 409.927
2.16, -1.54242, 0.0570511, -98.7147, 233.681, -1.54242, 0.0570511, 10273.9, 8.69653e+06, 160.53, 2123.18, 5.73067, 1015.23, 0.0895417, 0.247859, 2965.49, 1.11394e+06, 46.3358, 271.957
2.18, -1.75196, 0.0509037, -112.125, 208.501, -1.75196, 0.0509037, 13084.8, 1.00359e+07, 204.45, 2450.18, -6.5148, 316.591, -0.101794, 0.0772926, 3044.66, 237970, 47.5728, 58.0981
2.2, -1.41604, 0.0627353, -90.6267, 256.964, -1.41604, 0.0627353, 8803.35, 8.56565e+06, 137.552, 2091.22, 1.05693, 548.195, 0.0165146, 0.133837, 3034.02, 458630, 47.4066, 111.97
2.22, -1.35927, 0.112234, -86.9932, 459.712, -1.35927, 0.112234, 8377.17, 1.30786e+07, 130.893, 3193.03, -0.3922, 963.526, -0.00612813, 0.235236, 3139.04, 590625, 49.0474, 144.196
2.24, -1.60496, 0.0686547, -102.717, 281.21, -1.60496, 0.0686547, 11184.9, 1.03789e+07, 174.764, 2533.91, 7.96667, 369.019, 0.124479, 0.0900925, 2935.17, 92492.1, 45.8621, 22.5811
2.26, -1.43612, 0.0367808, -91.9116, 150.654, -1.43612, 0.0367808, 8980.85, 5.3097e+06, 140.326, 1296.31, -4.93487, 553.868, -0.0771073, 0.135222, 3032.78, 436492, 47.3871, 106.565
2.28, -1.49657, 0.0212225, -95.7803, 86.9274, -1.49657, 0.0212225, 9649.06, 3.25646e+06, 150.767, 795.033, 0.3834, 553.12, 0.00599063, 0.135039, 2855.63, 110794, 44.6192, 27.0494
2.3, -1.52732, 0.0251504, -97.7485, 103.016, -1.52732, 0.0251504, 10046.3, 3.70106e+06, 156.973, 903.579, 9.44007, 400.599, 0.147501, 0.0978026, 2573.62, 41779.3, 40.2128, 10.2
2.32, -1.41213, 0.0336731, -90.3763, 137.925, -1.41213, 0.0336731, 8712.19, 4.07998e+06, 136.128, 996.088, 4.45687, 173.562, 0.0696385, 0.0423735, 2533.51, 45009.8, 39.586, 10.9887
2.34, -1.39787, 0.0362339, -89.4639, 148.414, -1.39787, 0.0362339, 8572.88, 4.84243e+06, 133.951, 1182.23, 2.81133, 727.077, 0.0439271, 0.177509, 2808.2, 490051, 43.8782, 119.641
2.36, -1.34651, 0.0766774, -86.1768, 314.071, -1.34651, 0.0766774, 8160.81, 9.17502e+06, 127.513, 2240, 4.00007, 365.509, 0.062501, 0.0892357, 2577.94, 132999, 40.2803, 32.4705
2.38, -1.42003, 0.0181884, -90.8821, 74.4997, -1.42003, 0.0181884, 8758.94, 2.55598e+06, 136.858, 624.02, -7.5494, 576.402, -0.117959, 0.140723, 2614.85, 1.14769e+06, 40.857, 280.197
2.4, -1.2346, 0.057195, -79.0144, 234.271, -1.2346, 0.057195, 6916.44, 5.16781e+06, 108.069, 1261.67, -6.0606, 554.766, -0.0946969, 0.135441, 2610.32, 857902, 40.7862, 209.449
2.42, -1.29948, 0.0269999, -83.1665, 110.591, -1.29948, 0.0269999, 7475.37, 2.74001e+06, 116.803, 668.949, -11.3037, 275.848, -0.17662, 0.0673457, 2349.51, 187974, 36.7111, 45.8922
2.44, -1.3246, 0.02281, -84.7743, 93.4298, -1.3246, 0.02281, 7732.92, 2.94271e+06, 120.827, 718.434, -12.0005, 251.377, -0.187507, 0.0613713, 2183.73, 56548.2, 34.1208, 13.8057
2.46, -1.29507, 0.0256747, -82.8843, 105.164, -1.29507, 0.0256747, 7411.52, 2.66665e+06, 115.805, 651.038, -7.16753, 424.824, -0.111993, 0.103717, 2344.57, 274158, 36.6339, 66.933
2.48, -1.23383, 0.0467647, -78.9652, 191.548, -1.23383, 0.0467647, 6858.15, 4.31221e+06, 107.159, 1052.79, 9.87747, 585.949, 0.154335, 0.143054, 2500.23, 1.10317e+06, 39.0661, 269.329
